40489
160063
171573
92004
9028
107791
151187
1786
132050
111240
163506
80484
102570
14901
14900
106135
18547
76104
157167
48029
235677
196365
3504
3511
146942
146949
35888
108318
169620
169621
60525
232141
64871
176595
128626
45167
212982
193117
233241
123326
79282
233650
32476
164091
31571
134224
204090
195513
235359
85911
126308
205650
176793
221042
1198
225594
203258
94428
21695
178510
197458
99436
37305
66221
193386
215598
87506
157416
228845
104490
82560
122783
111341
129524
5959
159382
150055
172189
128404
128406
211936
233941
100182
143707
164919
121360
50466
28756
171426
69686
131619
170113
184767
198947
28052
118680
202737
100520
100514
56228
73500
58393
140931
76019
37397
103195
63360
167650
40884
181759
98927
54676
233619
40413
148978
161255
184639
211402
170937
146000
212951
234990
168875
197962
171749
127845
165926
96950
83536
161953
140053
108114
63939
169453
126492
167196
221201
176966
133092
56798
135357
133129
94135
116220
32149
38836
60464
152101
195443
140157
52291
158059
180124
92478
137027
88811
150641
221341
147953
103943
81983
30300
8409
78893
92283
69266
25647
115964
141543
186204
167873
29447
121383
5572
139130
186296
186300
10757
71746
25688
65724
92527
219866
140772
82698
214405
129884
129109
129107
40079
152939
144709
47011
177909
7182
222132
70831
147467
17159
126630
101584
131555
109922
74408
106064
163370
229690
36554
129177
145598
6958
216554
182127
175310
65754
114289
135098
8367
212412
49953
132220
68767
199650
211136
148519
114573
114577
11088
119209
204305
116696
94671
145852
145854
102087
158464
37474
15717
208571
209382
121604
226248
203851
166275
154171
84016
198253
220479
157967
160507
117006
82116
201173
143912
117568
41429
43322
236689
17415
36128
40305
233515
190121
146034
15794
173907
86437
29864
222901
115825
108124
22292
218110
111763
4324
170374
148985
215188
134850
12529
223087
4224
54921
163923
49419
71404
27667
10577
120922
54999
170609
32378
168399
36964
40545
185285
141155
89663
46453
154945
25573
243
159222
126735
123143
144702
39753
39754
225328
141149
163833
163839
117273
125552
159905
120425
80044
61410
82835
185873
175148
118729
60224
82429
38536
38535
209583
187518
33061
33058
111562
29273
48461
149547
19236
212186
106896
200816
219350
69949
51770
8070
161567
118041
71254
23908
133007
119604
28900
32830
120853
16274
71466
160172
157080
66447
176137
132246
132237
73995
130664
113396
113394
12377
232476
36034
30879
157546
232361
111045
89185
132794
220869
77250
139121
153275
82606
193793
125451
155241
103069
199253
89686
203164
168204
128215
102510
217863
195702
85725
216581
96881
74777
56604
225626
13628
206402
119585
21075
82421
160628
137997
167643
212918
213194
235256
200008
130576
128615
25454
187248
114919
18118
233089
188827
79975
58988
207128
163949
208102
115528
92361
22986
66542
192100
176200
180670
173222
107666
129345
111169
67193
50261
11459
203304
203310
183826
161734
125057
112576
139892
51998
115720
93677
1735
194507
41881
151137
151134
107724
2407
74837
124714
76912
203878
223318
135106
139921
139920
183065
160978
187091
230509
130348
40631
228062
29212
132230
173284
179289
95128
55196
205173
134390
134386
112628
91483
65768
43934
7198
83861
36272
36279
120450
55027
159959
135120
91430
223261
214094
114220
141537
32821
118064
142931
164967
139039
51157
88877
120819
80430
58328
75732
48092
114217
108232
223245
161732
12288
165718
64592
152191
217653
90313
157062
14173
162857
188085
28746
174161
130370
25316
225292
193099
197752
89493
125657
233011
53867
152019
134653
43549
72726
29600
12475
33522
11672
179665
209268
79774
69436
78649
166356
93927
76621
148316
69017
162036
118533
201280
75087
174878
79080
65272
215533
127673
38986
122350
124409
177089
154985
171404
10271
184935
206931
114494
206137
216226
167798
158801
93186
177005
6267
123013
123014
212060
188602
224335
187799
55236
164313
157265
83287
4349
106055
37334
37337
124247
80261
50358
62217
64436
64437
45087
173057
143870
42145
21238
110276
110277
66190
35807
150820
194993
146239
45802
26914
4945
127074
21171
217627
217632
222170
6346
99199
181882
27584
212333
208074
114590
141566
4830
70460
141993
98334
30676
157245
47155
27314
131279
47975
153818
48330
55555
121752
121751
143314
121001
115268
10185
10179
184220
53022
184032
140042
188616
233809
70825
93481
215087
192907
158021
133656
215691
27418
77671
104068
169685
22704
26627
214091
226680
55356
213025
100419
100416
78247
48373
33088
33092
69787
218483
116358
159859
207151
37037
10476
105683
103411
14968
208704
41843
20091
150388
123259
123256
95661
55454
160449
182549
98922
169077
68379
36214
165150
108301
119936
200602
7863
187233
185257
177328
58349
72463
193919
88791
62522
223464
185864
18697
77398
99608
66575
159145
75372
141176
37522
125305
182405
84125
137134
115511
181074
161213
161215
160207
209521
234693
74932
35367
136844
180849
104735
232894
195052
129187
20696
20703
169634
213636
123581
82018
27717
223668
95621
58724
11427
70479
92633
92628
160721
94354
94355
113211
23467
129902
2131
2135
172954
128058
228891
201233
120011
94980
212352
218496
51666
26666
143491
93629
127053
124010
104083
104084
41710
236815
15919
115298
180021
99297
110220
206898
14126
82808
60591
230939
187887
222862
133131
133134
133138
68127
19772
129099
134233
222000
116109
118674
78396
170343
206799
134967
200865
186804
55672
200802
178812
129735
219315
1561
179620
140200
9572
75170
35770
35772
189305
35663
69834
135634
99898
143412
138771
138768
147336
99116
234523
9567
140938
206192
148330
148329
191611
63439
208199
202474
37458
208247
109928
52584
40935
66388
137926
77721
140968
225355
141213
188701
39714
13426
46252
49884
28209
133171
14683
80330
18375
83957
172971
115009
74760
119045
83028
78743
60384
20456
191261
120464
211114
108578
151974
122117
231991
231997
13159
34967
78749
122859
51955
157720
228651
54268
54263
32525
59710
146218
121068
186720
53534
158444
82281
214358
186031
121256
185216
9066
65890
200078
91227
91225
52150
8498
201136
141073
214679
60789
191733
50770
34083
32385
89238
176685
39216
60847
60849
14460
181224
100100
143611
34095
183764
175996
167092
231285
27790
93731
159217
205917
88594
186743
90781
68667
46355
165551
32288
181868
181864
79129
57850
79951
36140
18836
64303
43346
65129
209175
49580
3779
128584
15930
44397
30842
24056
183594
196472
178101
150289
128643
192835
66572
177413
204841
72962
50940
8089
104589
138319
53726
149553
32495
159992
51325
20202
206957
140878
155724
133935
29099
91061
110815
1321
172815
212638
79776
137036
179192
161097
204479
117542
145380
96342
203744
173375
38693
60350
60347
67772
175030
50640
229925
98876
230857
18477
70428
70437
55974
152631
19140
179885
92303
134305
74035
52025
172616
62811
154774
48952
215960
16766
125619
126249
169154
169151
151162
196889
212008
37203
18950
189714
2386
151061
147747
151852
64405
56489
228131
118259
74027
52004
179869
214081
50375
112660
70351
157103
171317
204936
133652
12391
220284
198007
162564
96864
13129
161754
37266
44694
24836
164767
52053
160410
224169
143680
182956
142866
29457
183820
161729
23758
184384
107306
234739
146508
63697
195420
156222
94611
106000
98623
134369
156140
56719
205990
183974
180787
158692
76388
98531
61239
210623
95581
34466
133756
158852
107955
94152
94149
61019
236208
168764
121634
125551
103650
83384
16852
31391
119377
85210
184147
210884
233003
24208
120598
86372
60056
180202
163432
75243
119450
54152
183689
209013
186876
16114
83434
232820
188129
201371
158584
80916
169366
160793
227197
154484
25505
69160
153062
131281
114066
111696
108243
232900
61349
184602
49300
202827
215292
52956
129961
97821
108857
219080
200470
117681
153759
191557
191552
176422
198858
151475
134129
71072
43366
158826
10289
232270
1239
96229
197825
98832
94011
115601
137255
88977
48506
46941
138603
54647
221214
101770
35863
158889
202101
92453
42786
92707
1434
75931
225285
115316
90263
46211
29050
50720
12636
205347
102434
73408
140214
15866
70668
146001
105767
2734
205447
117038
58755
189643
117249
116437
220817
1502
114784
48601
187906
38984
107521
217233
82072
209310
26989
72215
46507
112471
112480
52173
169245
125520
20324
213263
136083
226397
186050
10558
115845
78
92434
113800
216864
194726
63236
188944
80096
102193
236552
64906
170430
24878
195830
123813
35966
105532
166695
76868
120158
185858
163734
58504
232489
34642
34643
209556
202372
185317
118746
52509
226919
85830
74915
5415
66481
195876
109344
96167
111794
123454
167150
229638
33699
173956
64352
80536
61993
113282
222359
170405
3016
62333
220651
186641
230904
42668
204462
2971
87827
41741
94448
93587
71406
181237
196533
149814
127423
109909
14538
119596
58594
102753
62618
150313
210950
123934
217964
217957
214416
93662
94524
47990
994
127959
106189
106190
103994
60299
121875
191947
17794
176613
151924
90098
10937
140530
118926
113457
62136
95589
183413
112939
113755
47713
26046
98853
33764
28467
199272
197632
8983
23230
88956
88950
18512
40270
111105
1362
88948
110808
215323
48419
222346
165292
77483
230768
179352
135442
227647
130021
133531
10703
203403
123368
35523
46537
99077
32547
58021
211149
211145
79330
117057
171883
85912
79979
200488
25967
135428
59278
32888
187409
211514
194435
102609
168179
201797
213724
20783
131050
190841
151728
195091
173080
41051
84146
120152
203789
133882
196243
112983
181242
115629
44068
77605
142153
32408
27634
207228
75281
156404
30954
179684
186878
236414
204556
125124
195058
59885
104005
125921
20709
194090
74968
154317
200511
200509
74415
4030
71931
107988
184236
66732
92549
30995
224568
202231
191429
97499
103931
108268
41535
67708
16653
99702
165800
60494
198503
21901
101094
27336
113927
91017
204591
11905
153561
4070
47734
175032
227498
117619
224943
210257
188424
210516
228866
22582
215612
215610
9184
224063
60442
177342
235504
7732
49692
180647
158599
93101
71968
231298
187779
51110
220329
176883
198922
96320
77467
182439
95543
174799
153446
22451
25067
46766
178423
6804
221769
138394
4780
189171
210466
93839
219990
26889
193361
179524
157359
131097
210875
144399
179297
219777
111920
46778
63797
129634
113041
48441
34469
217389
158681
225121
206720
219121
219094
140715
101709
122901
207221
63986
77524
200529
135466
157260
69666
153518
35072
161877
161943
169594
189166
132134
93127
131004
10140
186599
99621
58172
229204
164260
6874
67984
174701
169317
5623
162119
228483
155535
177677
207517
181631
71713
116001
232797
210635
57485
211451
167359
222296
160773
75572
49590
49587
27859
124838
18843
149182
83738
161469
71562
12134
183932
46624
46628
189029
138758
12052
117975
19582
234580
99096
45394
89404
182071
120513
76375
225686
13194
35005
181531
88689
153308
14806
139294
118046
190491
182921
227230
17728
17727
122852
34627
116724
181458
211107
182905
34045
77876
186886
102918
15406
41382
128274
228343
165554
58633
164719
98568
116600
116603
177446
132028
153738
157460
8901
223793
99379
107169
190263
183553
139581
122657
90057
43710
49746
29424
156800
69247
113321
55435
160387
141513
10032
159458
223135
199609
108525
151926
192462
128851
213221
226993
8238
178935
160843
160840
109277
25058
54515
76574
144158
105010
104270
21006
161575
183670
78633
51568
187628
121927
121929
191182
17414
39118
43320
169844
20968
3163
46007
208670
102925
118126
222101
211586
18642
218475
204790
156532
234569
70582
140442
200462
8911
189484
18011
202993
181026
141851
221374
233037
210928
229260
75193
30900
68273
46335
46340
134075
146441
147505
235758
86328
60684
17308
214538
86378
204252
130079
132824
89213
85151
146330
75163
163639
207001
196482
124233
235888
187389
102651
104896
228457
206248
101287
224589
162998
212554
38372
38390
138856
8107
122598
144207
56323
16754
209569
59648
199847
168576
12261
227246
138978
50322
203377
85137
150516
20247
24940
93761
111788
141552
60237
115110
163589
168759
40849
234070
171555
157407
7992
51668
178712
200678
91083
95006
124363
128588
103220
58491
207820
197967
11099
116099
29188
156560
196351
115507
221481
214385
125068
234809
168739
63188
187108
88205
131839
40824
234046
26085
84789
203112
54117
54118
89517
86425
42529
164427
228420
104882
210139
141892
30695
7846
222806
196338
149487
22661
189188
168016
109396
230624
204398
11712
104779
119240
225242
216400
215628
4138
156482
83465
83466
178887
187123
230609
103134
212839
126156
16695
38456
11115
143837
73858
79064
146679
149189
55259
204639
124183
154079
212002
8449
148870
157869
224269
179958
226905
228882
63222
115246
66006
161035
102476
21572
101967
58347
185907
149576
106123
145957
230694
3089
195932
108394
63126
216958
194821
235524
86068
171162
372
109155
173755
125191
190822
150238
44410
193520
181503
223000
190616
153594
89023
202091
202094
180090
34382
8588
30465
59990
202066
116910
92406
17928
38659
39297
82478
88540
199959
6389
159811
178944
87641
130473
229873
185687
207707
149660
203042
32866
212797
118874
181670
159561
76719
115484
215706
206786
58460
152278
1977
202823
66121
66115
194093
82767
226698
58239
171566
189145
109523
131156
175020
69012
153755
85200
90957
230655
101200
79033
152244
152239
42943
43719
127837
207603
212148
150719
67632
83362
219062
167322
184700
232311
122396
220556
158043
82195
203657
126049
20861
99296
45240
214331
64797
157619
114096
89675
129789
185225
137259
54153
48066
148141
214389
45737
231608
82266
235160
194450
133951
133952
133949
204672
54728
64112
228684
160583
197337
87851
132200
84253
128774
194526
216719
66864
66872
235208
99672
184977
158914
148789
136
100726
114809
92769
4994
185078
5563
2663
195605
116291
234462
128086
111517
221402
108089
224562
202196
202198
158132
175864
175861
1603
118863
206482
189838
234032
231745
125048
1223
59493
104950
110026
190561
153791
82453
129489
173339
49002
113262
102866
149869
233788
95969
139238
73324
222596
7649
231199
100120
12246
77937
190309
194691
184208
223453
218926
161685
22274
169979
174005
201978
224308
223398
62844
90800
132307
209738
100606
103705
34318
34320
56012
139179
56533
211080
105813
60808
65249
153485
6496
172456
152314
104530
104521
232719
214937
123562
18494
209220
99466
34276
44894
606
69621
47624
157525
109604
109610
53602
179913
63130
13213
100960
41079
201587
127780
18906
71817
86745
219477
20447
64124
48237
121590
44423
228887
7729
150624
88764
103678
68745
201613
96760
186323
87854
87067
118394
29570
156155
23931
2763
202565
50578
68820
90926
109370
152742
234324
41012
31148
70122
153253
224201
179978
68257
202522
32199
220685
58625
32005
4159
110854
178522
178521
142408
212227
124464
215944
196696
192401
192400
205639
104390
121189
164748
124743
20965
195994
151509
50292
236674
149150
57902
80000
185152
23259
33235
60339
38677
7769
36338
7501
211924
9976
164105
133615
170505
21603
132071
142636
421
131529
217261
216013
178375
46712
3835
196650
20906
235924
235920
64342
169824
82931
104923
214651
68565
236803
142270
58192
165032
191399
52160
3921
3920
235328
200424
26561
95548
116686
24980
130035
236583
196679
196684
233171
124694
124091
58811
9927
153654
47824
104305
168408
143119
38036
116465
36972
222963
121897
165525
72826
111913
166906
83798
83801
45866
67796
11263
19208
148061
106075
106109
121263
1812
213166
41371
107495
110345
126890
210273
225666
129295
98659
234283
186681
155968
65114
39810
171292
187335
80814
116894
234513
95758
49351
45537
45533
89544
128543
87451
168826
135597
90487
111538
30754
107419
107426
23335
220747
40020
125441
34694
29335
217569
24477
145145
211424
127208
52930
162687
8736
180236
216415
519
191463
109617
888
88410
163959
36518
223562
145207
212045
188522
194465
155166
81243
96604
32
129491
128668
212380
190199
58510
45140
67061
155036
171851
62069
186217
159223
220171
46656
166040
77686
77707
168859
128053
12494
235768
228317
161921
85383
61245
154349
87748
18759
167609
42389
131390
181502
99844
23972
71795
216567
17613
227002
204701
229773
172797
230967
220578
91915
22647
44357
196920
98803
29902
117258
195789
194251
163088
41549
63240
33625
1482
172265
47261
109049
51103
178187
221015
99853
158300
2870
176003
197981
92881
182597
69448
78270
100634
179312
157013
47424
1686
233310
175467
7109
7105
213372
147201
85266
186184
178669
178276
235667
130242
192532
214694
219005
223249
8262
81618
124946
48442
5226
5225
28935
193427
216615
167138
127556
82456
45319
89362
207310
66404
109625
138918
77880
138338
94623
235141
20934
86439
46098
46079
216145
44786
197551
48854
31022
38558
152792
21504
203676
98883
98887
54638
54634
22035
112907
87409
138213
36779
75867
52523
3973
34757
34742
182469
36725
229883
179906
223997
196980
31001
179697
179704
6631
202601
15451
21178
16977
205687
125136
30088
51865
151196
63620
9328
192525
87359
199852
113698
113701
153979
188213
78429
104296
191294
199296
44737
137245
63516
132836
37496
169764
38319
108439
110893
116345
4904
165440
54713
225274
110982
167515
100167
136497
47926
158389
202397
110941
1521
216410
36609
171980
225372
150832
224221
14036
209097
103040
117951
123798
29727
101262
233052
230437
81012
145688
21346
64770
43511
112884
22247
83245
174832
47650
47648
221298
216854
49158
83127
22523
199785
174124
151584
170273
124231
208381
3264
9553
120072
57586
58284
78913
92657
224599
234885
8817
220998
91304
20559
231188
231169
168288
6544
24466
222664
64541
47440
102480
66096
13929
18879
71982
53808
90373
179632
135695
78448
236622
65583
40278
110081
177732
141593
207744
116467
116090
170954
227752
44609
105448
232810
210642
206523
140039
23498
81266
81268
103282
85671
91925
26630
135280
135286
135863
8272
103839
125740
168608
80976
15575
165911
163352
223274
130769
25277
126966
114256
65925
134651
138086
109992
105733
106684
84648
168254
119226
139051
99924
130909
148720
233380
119465
133372
108140
51877
200847
196791
140306
85118
190235
111324
141105
94317
141547
100845
223946
139717
8156
214290
93201
49331
49330
49332
71299
190650
129241
129247
188147
113810
41143
205494
183444
118718
52468
125386
20183
20237
151198
126195
213929
42949
123917
137833
125689
147718
21699
235989
235169
206287
144085
18789
18851
129761
190431
45335
139909
130342
172662
222167
115054
25754
135386
54914
54912
51796
129570
167191
8441
97648
97650
186761
53874
72356
116648
22454
112623
1670
157
57048
199851
16981
183622
231597
38587
216844
186788
235308
205033
161003
196683
99456
16086
20069
69290
56450
38577
132277
176161
193828
221872
81004
100630
190571
172905
16603
223215
223222
209000
41096
216633
170741
214820
207438
169805
32628
54356
80788
164751
81609
20031
76365
36383
218760
105073
110508
46897
212501
193804
215811
212497
84379
138447
46068
156724
135211
166094
32565
92125
90772
161125
214798
87995
6735
218010
96801
68340
105439
154496
112778
112775
152629
167696
159264
233318
8291
148567
93919
152906
113367
113372
142887
164915
33376
208326
19080
164166
133500
94639
160109
153257
217891
217264
116053
174453
195321
11989
68761
77204
182187
72464
100076
139073
79511
72397
200279
6611
89258
217510
69133
68895
118337
23728
236847
21085
199233
171210
211212
104751
170281
164337
145071
101581
219149
58254
196314
39371
117733
87040
79568
56366
184652
1747
158083
13390
193709
220259
30420
205231
601
158463
